   42  468  335    1  170  225  479  359  463  530
  146  282  328  462  492  496  443  328  437  696
  403  154  293  383  422  217  219  396  448  328
   39  370  413  168  300   36  395  204  312  776
  174  165  142  212  254  369   48  145  163  505
  360  224  242   30  279  317   36  191  343  315
   41  443  265  149  447  306  391  230  371  787
  102  394   49  130  124   85  455  257  341   33
  432  309  445  440  127  324   38   39  119  642
   42  334  116  140  159  205  431  478  307  630
   42  468  335    1  170  225  479  359  463  530
  146  282  328  462  492  496  443  328  437  696
  403  154  293  383  422  217  219  396  448  328
   39  370  413  168  300   36  395  204  312  776
  174  165  142  212  254  369   48  145  163  505
  360  224  242   30  279  317   36  191  343  315
   41  443  265  149  447  306  391  230  371  787
  102  394   49  130  124   85  455  257  341   33
  432  309  445  440  127  324   38   39  119  642
   42  334  116  140  159  205  431  478  307  630
