    1    30    33    36    36    38    39    39    41    42
   42    48    49    85   102   116   119   124   127   130
  140   142   145   146   149   154   159   163   165   168
  170   174   191   204   205   212   217   219   224   225
  230   242   254   257   265   279   282   293   300   306
  307   309   312   315   317   324   328   328   328   334
  335   341   343   359   360   369   370   371   383   391
  394   395   396   403   413   422   431   432   437   440
  443   443   445   447   448   455   462   463   468   478
  479   492   496   505   530   630   642   696   776   787
